20
581.108 13.1574 -149.406 0 0 0
591.764 74.4712 197.118 0 0 0
749.356 221.154 170.116 0 0 0
648.815 53.3774 -384.305 0 0 0
238.28 22.5053 -468.752 0 0 0
181.366 290.703 -279.341 0 0 0
87.0388 160.086 -471.161 0 0 0
7.28403 91.4176 -307.387 0 0 0
-136.772 57.0834 -475.719 0 0 0
-243.312 39.9163 -331.716 0 0 0
-354.104 31.3327 -459.762 0 0 0
-419.087 27.0409 -348.663 0 0 0
-287.962 24.895 -186.379 0 0 0
-183.377 168.388 252.874 0 0 0
-357.713 166.515 649.249 0 0 0
-873.621 -177.397 904.98 0 0 0
-615.614 -199.085 1178.25 0 0 0
186.429 92.694 729.192 0 0 0
395.651 27.2451 181.809 0 0 0
423.337 68.207 -208.429 0 0 0
