24
-40.1904 5 -48.1651 0 1 0
58.3524 13 -103.607 0 1 0
-126.057 21 11.8949 0 1 0
40.3152 29 -130.868 0 1 0
-100.127 37 34.0454 0 1 0
16.4346 45 -150.933 0 1 0
-68.264 53 49.424 0 1 0
-14.703 61 -159.923 0 1 0
-40.484 69 53.2351 0 1 0
-58.3704 77 -156.919 0 1 0
-3.34817 85 50.445 0 1 0
-89.0619 93 -150.109 0 1 0
32.8106 93 44.9778 0 1 0
-118.637 93 -127.675 0 1 0
68.0794 85 24.8888 0 1 0
-137.052 77 -97.6548 0 1 0
79.1269 69 2.00963 0 1 0
-151.561 61 -78.0108 0 1 0
83.1461 53 -17.5213 0 1 0
-153.235 45 -59.1509 0 1 0
80.8009 37 -49.3289 0 1 0
-152.677 29 -38.3908 0 1 0
71.9856 21 -80.5785 0 1 0
-145.423 13 -16.1828 0 1 0
